# After FIRE code + tail + convolutional encoding (456)
# Length: 456 bits
#======================================================================

00111010 11011101 00111011 01101100 10110000 00000000 00000000 00000000 
00000000 00000000 00000000 00000000 00000000 00000000 00000000 00000000 
00000000 00000000 00000000 00000000 00000000 00000000 00000000 00000000 
00000000 00000000 00000000 00000000 00000000 00000000 00000000 00000000 
00000000 00000000 00000000 00000000 00000000 00000000 00000000 00000000 
00000000 00000000 00000000 00000000 00000000 00000000 11100101 00100110 
10000110 10101010 10011110 11000011 01111111 11101110 11110111 00011000 
10111011
