# All Bursts Concatenated (888 bits)
# Length: 888 bits
#======================================================================

00000000 00000000 00000000 00000000 00000000 00000000 00000000 00000000 
00000000 00000000 00000000 00000000 00000000 00000000 00000000 00000000 
00000000 00000000 00000000 01010000 00000000 00000000 11001001 00000010 
11100101 10001000 00010000 00111100 10110101 00010101 11011000 01101100 
10100000 00000000 00000001 10010010 00000000 00001110 10110000 00000000 
00000000 00000000 00000000 00000000 00000001 00101110 00010001 00101110 
00000000 00000000 00000000 00000000 00010001 01111100 11110011 10000000 
01100110 00000000 00000000 00000000 00000000 00000000 00000000 00010010 
11100001 00010010 11100000 00000000 00000000 00000000 00000001 10101000 
11011111 10000000 00011001 11010000 00000000 00000000 00000000 00000000 
00000000 00000001 00101110 00010001 00101110 00000000 00000000 00000000 
00000000 00010110 11101011 11111001 10000001 01111001 00000000 00000000 
00000000 00000000 00000000 00000000 00010010 11100001 00010010 11100000 
00000000 00000000 00000000 00000000 10000001 00111001 11011000
