# IQ Samples (Complex)
# Total samples: 7500
# Format: Real Imaginary
#======================================================================

0.953072 -0.302743
0.835921 -0.548850
0.714419 -0.699718
0.626092 -0.779749
0.553761 -0.832675
0.450757 -0.892647
0.270195 -0.962806
0.000159 -1.000000
-0.302724 -0.953078
-0.548849 -0.835922
-0.699718 -0.714419
-0.779749 -0.626092
-0.832675 -0.553761
-0.892647 -0.450757
-0.962806 -0.270195
-1.000000 -0.000159
-0.953078 0.302724
-0.835922 0.548849
-0.714419 0.699718
-0.626092 0.779749
-0.553761 0.832675
-0.450757 0.892647
-0.270195 0.962806
-0.000159 1.000000
0.302724 0.953078
0.548849 0.835922
0.699718 0.714419
0.779749 0.626092
0.832675 0.553761
0.892647 0.450757
0.962806 0.270195
1.000000 0.000159
0.953078 -0.302724
0.835922 -0.548849
0.714419 -0.699718
0.626092 -0.779749
0.553761 -0.832675
0.450757 -0.892647
0.270195 -0.962806
0.000159 -1.000000
-0.302724 -0.953078
-0.548849 -0.835922
-0.699718 -0.714419
-0.779749 -0.626092
-0.832675 -0.553761
-0.892647 -0.450757
-0.962806 -0.270195
-1.000000 -0.000159
-0.953078 0.302724
-0.835922 0.548849
-0.714419 0.699718
-0.626092 0.779749
-0.553761 0.832675
-0.450757 0.892647
-0.270195 0.962806
-0.000159 1.000000
0.302724 0.953078
0.548849 0.835922
0.699718 0.714419
0.779749 0.626092
0.832675 0.553761
0.892647 0.450757
0.962806 0.270195
1.000000 0.000159
0.953078 -0.302724
0.835922 -0.548849
0.714419 -0.699718
0.626092 -0.779749
0.553761 -0.832675
0.450757 -0.892647
0.270195 -0.962806
0.000159 -1.000000
-0.302724 -0.953078
-0.548849 -0.835922
-0.699718 -0.714419
-0.779749 -0.626092
-0.832675 -0.553761
-0.892647 -0.450757
-0.962806 -0.270195
-1.000000 -0.000159
-0.953078 0.302724
-0.835922 0.548849
-0.714419 0.699718
-0.626092 0.779749
-0.553761 0.832675
-0.450757 0.892647
-0.270195 0.962806
-0.000159 1.000000
0.302724 0.953078
0.548849 0.835922
0.699718 0.714419
0.779749 0.626092
0.832675 0.553761
0.892647 0.450757
0.962806 0.270195
1.000000 0.000159
0.953078 -0.302724
0.835922 -0.548849
0.714419 -0.699718
0.626092 -0.779749
0.553761 -0.832675
0.450757 -0.892647
0.270195 -0.962806
0.000159 -1.000000
-0.302724 -0.953078
-0.548849 -0.835922
-0.699718 -0.714419
-0.779749 -0.626092
-0.832675 -0.553761
-0.892647 -0.450757
-0.962806 -0.270195
-1.000000 -0.000159
-0.953078 0.302724
-0.835922 0.548849
-0.714419 0.699718
-0.626092 0.779749
-0.553761 0.832675
-0.450757 0.892647
-0.270195 0.962806
-0.000159 1.000000
0.302724 0.953078
0.548849 0.835922
0.699718 0.714419
0.779749 0.626092
0.832675 0.553761
0.892647 0.450757
0.962806 0.270195
1.000000 0.000159
0.953078 -0.302724
0.835922 -0.548849
0.714419 -0.699718
0.626092 -0.779749
0.553761 -0.832675
0.450757 -0.892647
0.270195 -0.962806
0.000159 -1.000000
-0.302724 -0.953078
-0.548849 -0.835922
-0.699718 -0.714419
-0.779749 -0.626092
-0.832675 -0.553761
-0.892647 -0.450757
-0.962806 -0.270195
-1.000000 -0.000159
-0.953078 0.302724
-0.835922 0.548849
-0.714419 0.699718
-0.626092 0.779749
-0.553761 0.832675
-0.450757 0.892647
-0.270195 0.962806
-0.000159 1.000000
0.302724 0.953078
0.548849 0.835922
0.699718 0.714419
0.779749 0.626092
0.832675 0.553761
0.892647 0.450757
0.962806 0.270195
1.000000 0.000159
0.953078 -0.302724
0.835922 -0.548849
0.714419 -0.699718
0.626092 -0.779749
0.553761 -0.832675
0.450757 -0.892647
0.270195 -0.962806
0.000159 -1.000000
-0.302724 -0.953078
-0.548849 -0.835922
-0.699718 -0.714419
-0.779749 -0.626092
-0.832675 -0.553761
-0.892647 -0.450757
-0.962806 -0.270195
-1.000000 -0.000159
-0.953078 0.302724
-0.835922 0.548849
-0.714419 0.699718
-0.626092 0.779749
-0.553761 0.832675
-0.450757 0.892647
-0.270195 0.962806
-0.000159 1.000000
0.302724 0.953078
0.548849 0.835922
0.699718 0.714419
0.779749 0.626092
0.832675 0.553761
0.892647 0.450757
0.962806 0.270195
1.000000 0.000159
0.953078 -0.302724
0.835922 -0.548849
0.714419 -0.699718
0.626092 -0.779749
0.553761 -0.832675
0.450757 -0.892647
0.270195 -0.962806
0.000159 -1.000000
-0.302724 -0.953078
-0.548849 -0.835922
-0.699718 -0.714419
-0.779749 -0.626092
-0.832675 -0.553761
-0.892647 -0.450757
-0.962806 -0.270195
-1.000000 -0.000159
-0.953078 0.302724
-0.835922 0.548849
-0.714419 0.699718
-0.626092 0.779749
-0.553761 0.832675
-0.450757 0.892647
-0.270195 0.962806
-0.000159 1.000000
0.302724 0.953078
0.548849 0.835922
0.699718 0.714419
0.779749 0.626092
0.832675 0.553761
0.892647 0.450757
0.962806 0.270195
1.000000 0.000159
0.953078 -0.302724
0.835922 -0.548849
0.714419 -0.699718
0.626092 -0.779749
0.553761 -0.832675
0.450757 -0.892647
0.270195 -0.962806
0.000159 -1.000000
-0.302724 -0.953078
-0.548849 -0.835922
-0.699718 -0.714419
-0.779749 -0.626092
-0.832675 -0.553761
-0.892647 -0.450757
-0.962806 -0.270195
-1.000000 -0.000159
-0.953078 0.302724
-0.835922 0.548849
-0.714419 0.699718
-0.626092 0.779749
-0.553761 0.832675
-0.450757 0.892647
-0.270195 0.962806
-0.000159 1.000000
0.302724 0.953078
0.548849 0.835922
0.699718 0.714419
0.779749 0.626092
0.832675 0.553761
0.892647 0.450757
0.962806 0.270195
1.000000 0.000159
0.953078 -0.302724
0.835922 -0.548849
0.714419 -0.699718
0.626092 -0.779749
0.553761 -0.832675
0.450757 -0.892647
0.270195 -0.962806
0.000159 -1.000000
-0.302724 -0.953078
-0.548849 -0.835922
-0.699718 -0.714419
-0.779749 -0.626092
-0.832675 -0.553761
-0.892647 -0.450757
-0.962806 -0.270195
-1.000000 -0.000159
-0.953078 0.302724
-0.835922 0.548849
-0.714419 0.699718
-0.626092 0.779749
-0.553761 0.832675
-0.450757 0.892647
-0.270195 0.962806
-0.000159 1.000000
0.302724 0.953078
0.548849 0.835922
0.699718 0.714419
0.779749 0.626092
0.832675 0.553761
0.892647 0.450757
0.962806 0.270195
1.000000 0.000159
0.953078 -0.302724
0.835922 -0.548849
0.714419 -0.699718
0.626092 -0.779749
0.553761 -0.832675
0.450757 -0.892647
0.270195 -0.962806
0.000159 -1.000000
-0.302724 -0.953078
-0.548849 -0.835922
-0.699718 -0.714419
-0.779749 -0.626092
-0.832675 -0.553761
-0.892647 -0.450757
-0.962806 -0.270195
-1.000000 -0.000159
-0.953078 0.302724
-0.835922 0.548849
-0.714419 0.699718
-0.626092 0.779749
-0.553761 0.832675
-0.450757 0.892647
-0.270195 0.962806
-0.000159 1.000000
0.302724 0.953078
0.548849 0.835922
0.699718 0.714419
0.779749 0.626092
0.832675 0.553761
0.892647 0.450757
0.962806 0.270195
1.000000 0.000159
0.953078 -0.302724
0.835922 -0.548849
0.714419 -0.699718
0.626092 -0.779749
0.553761 -0.832675
0.450757 -0.892647
0.270195 -0.962806
0.000159 -1.000000
-0.302724 -0.953078
-0.548849 -0.835922
-0.699718 -0.714419
-0.779749 -0.626092
-0.832675 -0.553761
-0.892647 -0.450757
-0.962806 -0.270195
-1.000000 -0.000159
-0.953078 0.302724
-0.835922 0.548849
-0.714419 0.699718
-0.626092 0.779749
-0.553761 0.832675
-0.450757 0.892647
-0.270195 0.962806
-0.000159 1.000000
0.302724 0.953078
0.548849 0.835922
0.699718 0.714419
0.779749 0.626092
0.832675 0.553761
0.892647 0.450757
0.962806 0.270195
1.000000 0.000159
0.953078 -0.302724
0.835922 -0.548849
0.714419 -0.699718
0.626092 -0.779749
0.553761 -0.832675
0.450757 -0.892647
0.270195 -0.962806
0.000159 -1.000000
-0.302724 -0.953078
-0.548849 -0.835922
-0.699718 -0.714419
-0.779749 -0.626092
-0.832675 -0.553761
-0.892647 -0.450757
-0.962806 -0.270195
-1.000000 -0.000159
-0.953078 0.302724
-0.835922 0.548849
-0.714419 0.699718
-0.626092 0.779749
-0.553761 0.832675
-0.450757 0.892647
-0.270195 0.962806
-0.000159 1.000000
0.302724 0.953078
0.548849 0.835922
0.699718 0.714419
0.779749 0.626092
0.832675 0.553761
0.892647 0.450757
0.962806 0.270195
1.000000 0.000159
0.953078 -0.302724
0.835922 -0.548849
0.714419 -0.699718
0.626092 -0.779749
0.553761 -0.832675
0.450757 -0.892647
0.270195 -0.962806
0.000159 -1.000000
-0.302724 -0.953078
-0.548849 -0.835922
-0.699718 -0.714419
-0.779749 -0.626092
-0.832675 -0.553761
-0.892647 -0.450757
-0.962806 -0.270195
-1.000000 -0.000159
-0.953078 0.302724
-0.835922 0.548849
-0.714419 0.699718
-0.626092 0.779749
-0.553761 0.832675
-0.450757 0.892647
-0.270195 0.962806
-0.000159 1.000000
0.302724 0.953078
0.548849 0.835922
0.699718 0.714419
0.779749 0.626092
0.832675 0.553761
0.892647 0.450757
0.962806 0.270195
1.000000 0.000159
0.953078 -0.302724
0.835922 -0.548849
0.714419 -0.699718
0.626092 -0.779749
0.553761 -0.832675
0.450757 -0.892647
0.270195 -0.962806
0.000159 -1.000000
-0.302724 -0.953078
-0.548849 -0.835922
-0.699718 -0.714419
-0.779749 -0.626092
-0.832675 -0.553761
-0.892647 -0.450757
-0.962806 -0.270195
-1.000000 -0.000159
-0.953078 0.302724
-0.835922 0.548849
-0.714419 0.699718
-0.626092 0.779749
-0.553761 0.832675
-0.450757 0.892647
-0.270195 0.962806
-0.000159 1.000000
0.302724 0.953078
0.548849 0.835922
0.699718 0.714419
0.779749 0.626092
0.832675 0.553761
0.892647 0.450757
0.962806 0.270195
1.000000 0.000159
0.953078 -0.302724
0.835922 -0.548849
0.714419 -0.699718
0.626092 -0.779749
0.553761 -0.832675
0.450757 -0.892647
0.270195 -0.962806
0.000159 -1.000000
-0.302724 -0.953078
-0.548849 -0.835922
-0.699718 -0.714419
-0.779749 -0.626092
-0.832675 -0.553761
-0.892647 -0.450757
-0.962806 -0.270195
-1.000000 -0.000159
-0.953078 0.302724
-0.835922 0.548849
-0.714419 0.699718
-0.626092 0.779749
-0.553761 0.832675
-0.450757 0.892647
-0.270195 0.962806
-0.000159 1.000000
0.302724 0.953078
0.548849 0.835922
0.699718 0.714419
0.779749 0.626092
0.832675 0.553761
0.892647 0.450757
0.962806 0.270195
1.000000 0.000159
0.953078 -0.302724
0.835922 -0.548849
0.714419 -0.699718
0.626092 -0.779749
0.553761 -0.832675
0.450757 -0.892647
0.270195 -0.962806
0.000159 -1.000000
-0.302724 -0.953078
-0.548849 -0.835922
-0.699718 -0.714419
-0.779749 -0.626092
-0.832675 -0.553761
-0.892647 -0.450757
-0.962806 -0.270195
-1.000000 -0.000159
-0.953078 0.302724
-0.835922 0.548849
-0.714419 0.699718
-0.626092 0.779749
-0.553761 0.832675
-0.450757 0.892647
-0.270195 0.962806
-0.000159 1.000000
0.302724 0.953078
0.548849 0.835922
0.699718 0.714419
0.779749 0.626092
0.832675 0.553761
0.892647 0.450757
0.962806 0.270195
1.000000 0.000159
0.953078 -0.302724
0.835922 -0.548849
0.714419 -0.699718
0.626092 -0.779749
0.553761 -0.832675
0.450757 -0.892647
0.270195 -0.962806
0.000159 -1.000000
-0.302724 -0.953078
-0.548849 -0.835922
-0.699718 -0.714419
-0.779749 -0.626092
-0.832675 -0.553761
-0.892647 -0.450757
-0.962806 -0.270195
-1.000000 -0.000159
-0.953078 0.302724
-0.835922 0.548849
-0.714419 0.699718
-0.626092 0.779749
-0.553761 0.832675
-0.450757 0.892647
-0.270195 0.962806
-0.000159 1.000000
0.302724 0.953078
0.548849 0.835922
0.699718 0.714419
0.779749 0.626092
0.832675 0.553761
0.892647 0.450757
0.962806 0.270195
1.000000 0.000159
0.953078 -0.302724
0.835922 -0.548849
0.714419 -0.699718
0.626092 -0.779749
0.553761 -0.832675
0.450757 -0.892647
0.270195 -0.962806
0.000159 -1.000000
-0.302724 -0.953078
-0.548849 -0.835922
-0.699718 -0.714419
-0.779749 -0.626092
-0.832675 -0.553761
-0.892647 -0.450757
-0.962806 -0.270195
-1.000000 -0.000159
-0.953078 0.302724
-0.835922 0.548849
-0.714419 0.699718
-0.626092 0.779749
-0.553761 0.832675
-0.450757 0.892647
-0.270195 0.962806
-0.000159 1.000000
0.302724 0.953078
0.548849 0.835922
0.699718 0.714419
0.779749 0.626092
0.832675 0.553761
0.892647 0.450757
0.962806 0.270195
1.000000 0.000159
0.953078 -0.302724
0.835922 -0.548849
0.714419 -0.699718
0.626092 -0.779749
0.553761 -0.832675
0.450757 -0.892647
0.270195 -0.962806
0.000159 -1.000000
-0.302724 -0.953078
-0.548849 -0.835922
-0.699718 -0.714419
-0.779749 -0.626092
-0.832675 -0.553761
-0.892647 -0.450757
-0.962806 -0.270195
-1.000000 -0.000159
-0.953078 0.302724
-0.835922 0.548849
-0.714419 0.699718
-0.626092 0.779749
-0.553761 0.832675
-0.450757 0.892647
-0.270195 0.962806
-0.000159 1.000000
0.302724 0.953078
0.548849 0.835922
0.699718 0.714419
0.779749 0.626092
0.832675 0.553761
0.892647 0.450757
0.962806 0.270195
1.000000 0.000159
0.953078 -0.302724
0.835922 -0.548849
0.714419 -0.699718
0.626092 -0.779749
0.553761 -0.832675
0.450757 -0.892647
0.270195 -0.962806
0.000159 -1.000000
-0.302724 -0.953078
-0.548849 -0.835922
-0.699718 -0.714419
-0.779749 -0.626092
-0.832675 -0.553761
-0.892647 -0.450757
-0.962806 -0.270195
-1.000000 -0.000159
-0.953078 0.302724
-0.835922 0.548849
-0.714419 0.699718
-0.626092 0.779749
-0.553761 0.832675
-0.450757 0.892647
-0.270195 0.962806
-0.000159 1.000000
0.302724 0.953078
0.548849 0.835922
0.699718 0.714419
0.779749 0.626092
0.832675 0.553761
0.892647 0.450757
0.962806 0.270195
1.000000 0.000159
0.953078 -0.302724
0.835922 -0.548849
0.714419 -0.699718
0.626092 -0.779749
0.553761 -0.832675
0.450757 -0.892647
0.270195 -0.962806
0.000159 -1.000000
-0.302724 -0.953078
-0.548849 -0.835922
-0.699718 -0.714419
-0.779749 -0.626092
-0.832675 -0.553761
-0.892647 -0.450757
-0.962806 -0.270195
-1.000000 -0.000159
-0.953078 0.302724
-0.835922 0.548849
-0.714419 0.699718
-0.626092 0.779749
-0.553761 0.832675
-0.450757 0.892647
-0.270195 0.962806
-0.000159 1.000000
0.302724 0.953078
0.548849 0.835922
0.699718 0.714419
0.779749 0.626092
0.832675 0.553761
0.892647 0.450757
0.962806 0.270195
1.000000 0.000159
0.953078 -0.302724
0.835922 -0.548849
0.714419 -0.699718
0.626092 -0.779749
0.553761 -0.832675
0.450757 -0.892647
0.270195 -0.962806
0.000159 -1.000000
-0.302724 -0.953078
-0.548849 -0.835922
-0.699718 -0.714419
-0.779749 -0.626092
-0.832675 -0.553761
-0.892647 -0.450757
-0.962806 -0.270195
-1.000000 -0.000159
-0.953078 0.302724
-0.835922 0.548849
-0.714419 0.699718
-0.626092 0.779749
-0.553761 0.832675
-0.450757 0.892647
-0.270195 0.962806
-0.000159 1.000000
0.302724 0.953078
0.548849 0.835922
0.699718 0.714419
0.779749 0.626092
0.832675 0.553761
0.892647 0.450757
0.962806 0.270195
1.000000 0.000159
0.953078 -0.302724
0.835922 -0.548849
0.714419 -0.699718
0.626092 -0.779749
0.553761 -0.832675
0.450757 -0.892647
0.270195 -0.962806
0.000159 -1.000000
-0.302724 -0.953078
-0.548849 -0.835922
-0.699718 -0.714419
-0.779749 -0.626092
-0.832675 -0.553761
-0.892647 -0.450757
-0.962806 -0.270195
-1.000000 -0.000159
-0.953078 0.302724
-0.835922 0.548849
-0.714419 0.699718
-0.626092 0.779749
-0.553761 0.832675
-0.450757 0.892647
-0.270195 0.962806
-0.000159 1.000000
0.302724 0.953078
0.548849 0.835922
0.699718 0.714419
0.779749 0.626092
0.832675 0.553761
0.892647 0.450757
0.962806 0.270195
1.000000 0.000159
0.953078 -0.302724
0.835922 -0.548849
0.714419 -0.699718
0.626092 -0.779749
0.553761 -0.832675
0.450757 -0.892647
0.270195 -0.962806
0.000159 -1.000000
-0.302724 -0.953078
-0.548849 -0.835922
-0.699718 -0.714419
-0.779749 -0.626092
-0.832675 -0.553761
-0.892647 -0.450757
-0.962806 -0.270195
-1.000000 -0.000159
-0.953078 0.302724
-0.835922 0.548849
-0.714419 0.699718
-0.626092 0.779749
-0.553761 0.832675
-0.450757 0.892647
-0.270195 0.962806
-0.000159 1.000000
0.302724 0.953078
0.548849 0.835922
0.699718 0.714419
0.779749 0.626092
0.832675 0.553761
0.892647 0.450757
0.962806 0.270195
1.000000 0.000159
0.953078 -0.302724
0.835922 -0.548849
0.714419 -0.699718
0.626092 -0.779749
0.553761 -0.832675
0.450757 -0.892647
0.270195 -0.962806
0.000159 -1.000000
-0.302724 -0.953078
-0.548849 -0.835922
-0.699718 -0.714419
-0.779749 -0.626092
-0.832675 -0.553761
-0.892647 -0.450757
-0.962806 -0.270195
-1.000000 -0.000159
-0.953078 0.302724
-0.835922 0.548849
-0.714419 0.699718
-0.626092 0.779749
-0.553761 0.832675
-0.450757 0.892647
-0.270195 0.962806
-0.000159 1.000000
0.302724 0.953078
0.548849 0.835922
0.699718 0.714419
0.779749 0.626092
0.832675 0.553761
0.892647 0.450757
0.962806 0.270195
1.000000 0.000159
0.953078 -0.302724
0.835922 -0.548849
0.714419 -0.699718
0.626092 -0.779749
0.553761 -0.832675
0.450757 -0.892647
0.270195 -0.962806
0.000159 -1.000000
-0.302724 -0.953078
-0.548849 -0.835922
-0.699718 -0.714419
-0.779749 -0.626092
-0.832675 -0.553761
-0.892647 -0.450757
-0.962806 -0.270195
-1.000000 -0.000159
-0.953078 0.302724
-0.835922 0.548849
-0.714419 0.699718
-0.626092 0.779749
-0.553761 0.832675
-0.450757 0.892647
-0.270195 0.962806
-0.000159 1.000000
0.302724 0.953078
0.548849 0.835922
0.699718 0.714419
0.779749 0.626092
0.832675 0.553761
0.892647 0.450757
0.962806 0.270195
1.000000 0.000159
0.953078 -0.302724
0.835922 -0.548849
0.714419 -0.699718
0.626092 -0.779749
0.553761 -0.832675
0.450757 -0.892647
0.270195 -0.962806
0.000159 -1.000000
-0.302724 -0.953078
-0.548849 -0.835922
-0.699718 -0.714419
-0.779749 -0.626092
-0.832675 -0.553761
-0.892647 -0.450757
-0.962806 -0.270195
-1.000000 -0.000159
-0.953078 0.302724
-0.835922 0.548849
-0.714419 0.699718
-0.626092 0.779749
-0.553761 0.832675
-0.450757 0.892647
-0.270195 0.962806
-0.000159 1.000000
0.302724 0.953078
0.548849 0.835922
0.699718 0.714419
0.779749 0.626092
0.832675 0.553761
0.892647 0.450757
0.962806 0.270195
1.000000 0.000159
0.953078 -0.302724
0.835922 -0.548849
0.714419 -0.699718
0.626092 -0.779749
0.553761 -0.832675
0.450757 -0.892647
0.270195 -0.962806
0.000159 -1.000000
-0.302724 -0.953078
-0.548849 -0.835922
-0.699718 -0.714419
-0.779749 -0.626092
-0.832675 -0.553761
-0.892647 -0.450757
-0.962806 -0.270195
-1.000000 -0.000159
-0.953078 0.302724
-0.835922 0.548849
-0.714419 0.699718
-0.626092 0.779749
-0.553761 0.832675
-0.450757 0.892647
-0.270195 0.962806
-0.000159 1.000000
0.302724 0.953078
0.548849 0.835922
0.699718 0.714419
0.779749 0.626092
0.832675 0.553761
0.892647 0.450757
0.962806 0.270195
1.000000 0.000159
0.953078 -0.302724
0.835922 -0.548849
0.714419 -0.699718
0.626092 -0.779749
0.553761 -0.832675
0.450757 -0.892647
0.270195 -0.962806
0.000159 -1.000000
-0.302724 -0.953078
-0.548849 -0.835922
-0.699718 -0.714419
-0.779749 -0.626092
-0.832675 -0.553761
-0.892647 -0.450757
-0.962806 -0.270195
-1.000000 -0.000159
-0.953078 0.302724
-0.835922 0.548849
-0.714419 0.699718
-0.626092 0.779749
-0.553761 0.832675
-0.450757 0.892647
-0.270195 0.962806
-0.000159 1.000000
0.302724 0.953078
0.548849 0.835922
0.699718 0.714419
0.779749 0.626092
0.832675 0.553761
0.892647 0.450757
0.962806 0.270195
1.000000 0.000159
0.953078 -0.302724
0.835922 -0.548849
0.714419 -0.699718
0.626092 -0.779749
0.553761 -0.832675
0.450757 -0.892647
0.270195 -0.962806
0.000159 -1.000000
-0.302724 -0.953078
-0.548849 -0.835922
-0.699718 -0.714419
-0.779749 -0.626092
-0.832675 -0.553761
-0.892647 -0.450757
-0.962806 -0.270195
-1.000000 -0.000159
-0.953078 0.302724
-0.835922 0.548849
-0.714419 0.699718
-0.626092 0.779749
-0.553761 0.832675
-0.450757 0.892647
-0.270195 0.962806
-0.000159 1.000000
0.302724 0.953078
0.548849 0.835922
0.699718 0.714419
0.779749 0.626092
0.832675 0.553761
0.892647 0.450757
0.962806 0.270195
1.000000 0.000159
0.953078 -0.302724
0.835922 -0.548849
0.714419 -0.699718
0.626092 -0.779749
0.553761 -0.832675
0.450757 -0.892647
0.270195 -0.962806
0.000159 -1.000000
-0.302724 -0.953078
-0.548849 -0.835922
-0.699718 -0.714419
-0.779749 -0.626092
-0.832675 -0.553761
-0.892647 -0.450757
-0.962806 -0.270195
-1.000000 -0.000159
-0.953078 0.302724
-0.835922 0.548849
-0.714419 0.699718
-0.626092 0.779749
-0.553761 0.832675
-0.450757 0.892647
-0.270195 0.962806
-0.000159 1.000000
0.302724 0.953078
0.548849 0.835922
0.699718 0.714419
0.779749 0.626092
0.832675 0.553761
0.892647 0.450757
0.962806 0.270195
1.000000 0.000159
0.953078 -0.302724
0.835922 -0.548849
0.714419 -0.699718
0.626092 -0.779749
0.553761 -0.832675
0.450757 -0.892647
0.270195 -0.962806
0.000159 -1.000000

... (6500 more samples not shown)
